# Time-averaged data for fix 3
# TimeStep c_myRg
200 6.97521
300 6.97511
400 6.97494
500 6.9747
600 6.97438
700 6.97401
800 6.97359
900 6.9731
1000 6.97254
1100 6.97193
1200 6.97127
1300 6.97059
1400 6.96981
1500 6.96898
1600 6.96809
1700 6.96714
1800 6.96615
1900 6.96508
2000 6.96394
2100 6.96272
2200 6.96141
2300 6.96003
2400 6.95858
2500 6.95709
2600 6.95556
2700 6.95396
2800 6.95231
2900 6.9506
3000 6.94884
3100 6.94705
3200 6.94523
3300 6.94335
3400 6.94145
3500 6.93954
3600 6.93762
3700 6.93567
3800 6.93365
3900 6.9316
4000 6.92956
4100 6.92751
4200 6.92546
4300 6.92337
4400 6.92124
4500 6.91909
4600 6.91693
4700 6.91472
4800 6.9125
4900 6.91027
5000 6.90805
5100 6.90586
5200 6.90365
5300 6.90143
5400 6.8992
5500 6.89695
5600 6.8947
5700 6.89246
5800 6.89021
5900 6.88795
6000 6.88567
6100 6.88338
6200 6.88108
6300 6.87877
6400 6.87645
6500 6.87416
6600 6.87189
6700 6.86964
6800 6.86738
6900 6.86515
7000 6.86293
7100 6.8607
7200 6.85849
7300 6.85632
7400 6.8542
7500 6.85206
7600 6.84994
7700 6.84783
7800 6.8457
7900 6.84355
8000 6.8414
8100 6.83921
8200 6.83704
8300 6.8349
8400 6.83276
8500 6.83062
8600 6.82849
8700 6.82638
8800 6.82427
8900 6.82217
9000 6.82008
9100 6.818
9200 6.81595
9300 6.81391
9400 6.81188
9500 6.80986
9600 6.80783
9700 6.80579
9800 6.80376
9900 6.80176
10000 6.79978
10100 6.79781
10200 6.79582
10300 6.79389
10400 6.79199
10500 6.79009
10600 6.78822
10700 6.7864
10800 6.78459
10900 6.7828
11000 6.78104
11100 6.77933
11200 6.77768
11300 6.77606
11400 6.77448
11500 6.77296
11600 6.77149
11700 6.77007
11800 6.76869
11900 6.76734
12000 6.76603
12100 6.76476
12200 6.76353
12300 6.76233
12400 6.76116
12500 6.76002
12600 6.75894
12700 6.75793
12800 6.75696
12900 6.75607
13000 6.75521
13100 6.75437
13200 6.75358
13300 6.75288
13400 6.75222
13500 6.75162
13600 6.75105
13700 6.75051
13800 6.75003
13900 6.74963
14000 6.74926
14100 6.74893
14200 6.74861
14300 6.74833
14400 6.7481
14500 6.7479
14600 6.74773
14700 6.74759
14800 6.7475
14900 6.74747
15000 6.74746
15100 6.74746
15200 6.74746
15300 6.74751
15400 6.74758
15500 6.74767
15600 6.74774
15700 6.74783
15800 6.74793
15900 6.74801
16000 6.74807
16100 6.74811
16200 6.74818
16300 6.74827
16400 6.74834
16500 6.74842
16600 6.74849
16700 6.74859
16800 6.74867
16900 6.74873
17000 6.74878
17100 6.74884
17200 6.74892
17300 6.74899
17400 6.74903
17500 6.74905
17600 6.74908
17700 6.74908
17800 6.74904
17900 6.74899
18000 6.74893
18100 6.74886
18200 6.74879
18300 6.74869
18400 6.74858
18500 6.74844
18600 6.74826
18700 6.74802
18800 6.74774
18900 6.74746
19000 6.74716
19100 6.74683
19200 6.7465
19300 6.74613
19400 6.74575
19500 6.74536
19600 6.74494
19700 6.74451
19800 6.74405
19900 6.74357
20000 6.74308
20100 6.7426
20200 6.74211
20300 6.7416
20400 6.74108
20500 6.74056
20600 6.74001
20700 6.73945
20800 6.73887
20900 6.7383
21000 6.7377
21100 6.73708
21200 6.73647
21300 6.73584
21400 6.7352
21500 6.73457
21600 6.73394
21700 6.73331
21800 6.7327
21900 6.73212
22000 6.73154
22100 6.73094
22200 6.73034
22300 6.72975
22400 6.72918
22500 6.72863
22600 6.7281
22700 6.72756
22800 6.72703
22900 6.7265
23000 6.72592
23100 6.72536
23200 6.72478
23300 6.72419
23400 6.72359
23500 6.72297
23600 6.72235
23700 6.72172
23800 6.72109
23900 6.72044
24000 6.71979
24100 6.71914
24200 6.71848
24300 6.71784
24400 6.71724
24500 6.71668
24600 6.71614
24700 6.7156
24800 6.71507
24900 6.71455
25000 6.71405
25100 6.71356
25200 6.71305
25300 6.71253
25400 6.71205
25500 6.71159
25600 6.71113
25700 6.71067
25800 6.71019
25900 6.7097
26000 6.7092
26100 6.70872
26200 6.70821
26300 6.70768
26400 6.70716
26500 6.70666
26600 6.70616
26700 6.70571
26800 6.70531
26900 6.70492
27000 6.70454
27100 6.70413
27200 6.70371
27300 6.70328
27400 6.70285
27500 6.70243
27600 6.70198
27700 6.70152
27800 6.70105
27900 6.70057
28000 6.70013
28100 6.69971
28200 6.69927
28300 6.69879
28400 6.69832
28500 6.69784
28600 6.69739
28700 6.69696
28800 6.69654
28900 6.69614
29000 6.69574
29100 6.69535
29200 6.69493
29300 6.69455
29400 6.69418
29500 6.69383
29600 6.69349
29700 6.69313
29800 6.69274
29900 6.69234
30000 6.69196
30100 6.69157
30200 6.69117
30300 6.69076
30400 6.69033
30500 6.68989
30600 6.68943
30700 6.68896
30800 6.68849
30900 6.68801
31000 6.68752
31100 6.68703
31200 6.68653
31300 6.68602
31400 6.68552
31500 6.685
31600 6.68448
31700 6.68397
31800 6.68345
31900 6.68292
32000 6.68237
32100 6.68183
32200 6.68129
32300 6.68078
32400 6.68031
32500 6.67982
32600 6.67933
32700 6.67884
32800 6.67835
32900 6.67786
33000 6.67736
33100 6.67689
33200 6.67643
33300 6.67595
33400 6.67545
33500 6.67499
33600 6.67457
33700 6.67417
33800 6.67378
33900 6.67341
34000 6.67304
34100 6.67265
34200 6.67226
34300 6.67188
34400 6.67148
34500 6.67111
34600 6.67075
34700 6.6704
34800 6.67007
34900 6.66976
35000 6.66944
35100 6.66914
35200 6.66884
35300 6.66858
35400 6.66831
35500 6.66802
35600 6.66776
35700 6.66754
35800 6.66738
35900 6.66723
36000 6.66713
36100 6.66703
36200 6.66694
36300 6.66686
36400 6.66679
36500 6.66672
36600 6.66667
36700 6.66664
36800 6.66663
36900 6.66661
37000 6.66661
37100 6.66664
37200 6.66667
37300 6.66672
37400 6.66679
37500 6.6669
37600 6.66703
37700 6.66716
37800 6.6673
37900 6.66749
38000 6.66766
38100 6.66782
38200 6.668
38300 6.66819
38400 6.66838
38500 6.66861
38600 6.66886
38700 6.6691
38800 6.66936
38900 6.6696
39000 6.66986
39100 6.67013
39200 6.67041
39300 6.6707
39400 6.67094
39500 6.67115
39600 6.67137
39700 6.67159
39800 6.6718
39900 6.67199
40000 6.67219
40100 6.6724
40200 6.6726
40300 6.67281
40400 6.67298
40500 6.67315
40600 6.67332
40700 6.67351
40800 6.67371
40900 6.67393
41000 6.67416
41100 6.6744
41200 6.67463
41300 6.67487
41400 6.67512
41500 6.67538
41600 6.67563
41700 6.67584
41800 6.67606
41900 6.67631
42000 6.67659
42100 6.67686
42200 6.67715
42300 6.67743
42400 6.67773
42500 6.67804
42600 6.67837
42700 6.67873
42800 6.67908
42900 6.67945
43000 6.6798
43100 6.68016
43200 6.68053
43300 6.6809
43400 6.68128
43500 6.68166
43600 6.68204
43700 6.6824
43800 6.68276
43900 6.68308
44000 6.68338
44100 6.68366
44200 6.68392
44300 6.68418
44400 6.68443
44500 6.68468
44600 6.68493
44700 6.68518
44800 6.68543
44900 6.68568
45000 6.68592
45100 6.68616
45200 6.68642
45300 6.6867
45400 6.68696
45500 6.68721
45600 6.68744
45700 6.68764
45800 6.68781
45900 6.68795
46000 6.6881
46100 6.68823
46200 6.68837
46300 6.6885
46400 6.68862
46500 6.68875
46600 6.6889
46700 6.68905
46800 6.6892
46900 6.6893
47000 6.68937
47100 6.68944
47200 6.68951
47300 6.68957
47400 6.68965
47500 6.68975
47600 6.68987
47700 6.68997
47800 6.69006
47900 6.69014
48000 6.69023
48100 6.69031
48200 6.69039
48300 6.69044
48400 6.69047
48500 6.69053
48600 6.69058
48700 6.69061
48800 6.69062
48900 6.69065
49000 6.69072
49100 6.69078
49200 6.69081
49300 6.69084
49400 6.69087
49500 6.69091
49600 6.69094
49700 6.69095
49800 6.69093
49900 6.69092
50000 6.69094
50100 6.691
50200 6.69113
50300 6.69128
50400 6.69147
50500 6.6917
50600 6.69194
50700 6.69217
50800 6.6924
50900 6.69264
51000 6.69291
51100 6.69316
51200 6.69342
51300 6.6937
51400 6.69401
51500 6.69433
51600 6.69468
51700 6.69502
51800 6.69535
51900 6.69568
52000 6.69596
52100 6.69624
52200 6.69652
52300 6.69683
52400 6.69717
52500 6.69751
52600 6.69788
52700 6.69824
52800 6.69861
52900 6.69897
53000 6.6993
53100 6.69961
53200 6.69992
53300 6.70021
53400 6.70051
53500 6.70081
53600 6.70113
53700 6.70146
53800 6.70181
53900 6.7022
54000 6.7026
54100 6.70301
54200 6.70343
54300 6.70384
54400 6.70423
54500 6.7046
54600 6.70498
54700 6.70536
54800 6.70572
54900 6.70607
55000 6.70642
55100 6.70675
55200 6.70708
55300 6.70739
55400 6.70769
55500 6.70797
55600 6.70824
55700 6.7085
55800 6.70875
55900 6.70899
56000 6.7092
56100 6.7094
56200 6.70958
56300 6.70975
56400 6.70992
56500 6.71008
56600 6.71025
56700 6.71042
56800 6.71058
56900 6.71073
57000 6.71084
57100 6.71096
57200 6.71109
57300 6.71119
57400 6.71129
57500 6.7114
57600 6.71151
57700 6.71161
57800 6.71173
57900 6.71185
58000 6.71198
58100 6.7121
58200 6.7122
58300 6.71233
58400 6.71246
58500 6.71258
58600 6.71271
58700 6.71283
58800 6.71293
58900 6.71303
59000 6.71316
59100 6.71332
59200 6.71346
59300 6.71359
59400 6.71369
59500 6.71379
59600 6.71393
59700 6.71408
59800 6.71421
59900 6.71433
60000 6.71447
60100 6.71464
60200 6.71483
60300 6.71499
60400 6.71519
60500 6.71539
60600 6.71557
60700 6.71571
60800 6.71585
60900 6.716
61000 6.71614
61100 6.71629
61200 6.71647
61300 6.71664
61400 6.7168
61500 6.71693
61600 6.71705
61700 6.71717
61800 6.71728
61900 6.71737
62000 6.71744
62100 6.71752
62200 6.7176
62300 6.71764
62400 6.71766
62500 6.7177
62600 6.71776
62700 6.71781
62800 6.71783
62900 6.71785
63000 6.71786
63100 6.71785
63200 6.71787
63300 6.71788
63400 6.7179
63500 6.71792
63600 6.71794
63700 6.71798
63800 6.71801
63900 6.71805
64000 6.71809
64100 6.71816
64200 6.71824
64300 6.71833
64400 6.7184
64500 6.71848
64600 6.71856
64700 6.71863
64800 6.7187
64900 6.7188
65000 6.71892
65100 6.71906
65200 6.7192
65300 6.71934
65400 6.71947
65500 6.71959
65600 6.71972
65700 6.71983
65800 6.71995
65900 6.72008
66000 6.72022
66100 6.72034
66200 6.72047
66300 6.72062
66400 6.72079
66500 6.72095
66600 6.72111
66700 6.72125
66800 6.72138
66900 6.72152
67000 6.72165
67100 6.7218
67200 6.72198
67300 6.72216
67400 6.72233
67500 6.72249
67600 6.72263
67700 6.72277
67800 6.72291
67900 6.72308
68000 6.72327
68100 6.72346
68200 6.72368
68300 6.72393
68400 6.72415
68500 6.72439
68600 6.72459
68700 6.72477
68800 6.72496
68900 6.72513
69000 6.7253
69100 6.72547
69200 6.72561
69300 6.72577
69400 6.72592
69500 6.72607
69600 6.7262
69700 6.72633
69800 6.72648
69900 6.72663
70000 6.72681
70100 6.72698
70200 6.72715
70300 6.72732
70400 6.72746
70500 6.72761
70600 6.72775
70700 6.72786
70800 6.72797
70900 6.72809
71000 6.72821
71100 6.72836
71200 6.72851
71300 6.72871
71400 6.72888
71500 6.72907
71600 6.72922
71700 6.7294
71800 6.72958
71900 6.72974
72000 6.72989
72100 6.73005
72200 6.73024
72300 6.73039
72400 6.73053
72500 6.73069
72600 6.73087
72700 6.73107
72800 6.73128
72900 6.7315
73000 6.73169
73100 6.73188
73200 6.73209
73300 6.73228
73400 6.73244
73500 6.73264
73600 6.73282
73700 6.73298
73800 6.73312
73900 6.73324
74000 6.73338
74100 6.73351
74200 6.73364
74300 6.73374
74400 6.73385
74500 6.73394
74600 6.73402
74700 6.7341
74800 6.73417
74900 6.73423
75000 6.73425
75100 6.73427
75200 6.7343
75300 6.73433
75400 6.73436
75500 6.73438
75600 6.73441
75700 6.73447
75800 6.73453
75900 6.7346
76000 6.73467
76100 6.73471
76200 6.73474
76300 6.73478
76400 6.73479
76500 6.73479
76600 6.73485
76700 6.7349
76800 6.73493
76900 6.73493
77000 6.73493
77100 6.7349
77200 6.73487
77300 6.73483
77400 6.73481
77500 6.73479
77600 6.73479
77700 6.7348
77800 6.73481
77900 6.73481
78000 6.73482
78100 6.73484
78200 6.73485
78300 6.73486
78400 6.73489
78500 6.73492
78600 6.73492
78700 6.73492
78800 6.73492
78900 6.73491
79000 6.7349
79100 6.73489
79200 6.73488
79300 6.73487
79400 6.73483
79500 6.73481
79600 6.73482
79700 6.73485
79800 6.73489
79900 6.73495
80000 6.735
80100 6.73504
80200 6.73511
80300 6.73518
80400 6.73524
80500 6.73531
80600 6.7354
80700 6.73547
80800 6.73553
80900 6.73561
81000 6.7357
81100 6.73577
81200 6.73588
81300 6.736
81400 6.73613
81500 6.73626
81600 6.73638
81700 6.73651
81800 6.73665
81900 6.7368
82000 6.73694
82100 6.73706
82200 6.73715
82300 6.73723
82400 6.73728
82500 6.73733
82600 6.73737
82700 6.73739
82800 6.73743
82900 6.73746
83000 6.73752
83100 6.7376
83200 6.73768
83300 6.73775
83400 6.73781
83500 6.7379
83600 6.73797
83700 6.73806
83800 6.73817
83900 6.73827
84000 6.73837
84100 6.73847
84200 6.73854
84300 6.73863
84400 6.73874
84500 6.73885
84600 6.73895
84700 6.73906
84800 6.73919
84900 6.73932
85000 6.73943
85100 6.73954
85200 6.73965
85300 6.73973
85400 6.73981
85500 6.7399
85600 6.73997
85700 6.74005
85800 6.74013
85900 6.74019
86000 6.74027
86100 6.74033
86200 6.74038
86300 6.74045
86400 6.74055
86500 6.74064
86600 6.74073
86700 6.74079
86800 6.74085
86900 6.74087
87000 6.74089
87100 6.74089
87200 6.74088
87300 6.74085
87400 6.74083
87500 6.74077
87600 6.74073
87700 6.74068
87800 6.74064
87900 6.74061
88000 6.7406
88100 6.74058
88200 6.74056
88300 6.74053
88400 6.74048
88500 6.74041
88600 6.74035
88700 6.74026
88800 6.74017
88900 6.74009
89000 6.74
89100 6.73993
89200 6.73985
89300 6.73976
89400 6.73967
89500 6.73955
89600 6.73944
89700 6.7393
89800 6.73914
89900 6.73899
90000 6.73879
90100 6.73859
90200 6.73838
90300 6.73819
90400 6.738
90500 6.73782
90600 6.73765
90700 6.73748
90800 6.73729
90900 6.73709
91000 6.7369
91100 6.73673
91200 6.73661
91300 6.73649
91400 6.73636
91500 6.73622
91600 6.73608
91700 6.73598
91800 6.73584
91900 6.73574
92000 6.73564
92100 6.73551
92200 6.73537
92300 6.73524
92400 6.73512
92500 6.73498
92600 6.73487
92700 6.73478
92800 6.73469
92900 6.73459
93000 6.73451
93100 6.73445
93200 6.7344
93300 6.73437
93400 6.7344
93500 6.73445
93600 6.7345
93700 6.73456
93800 6.73463
93900 6.73472
94000 6.73481
94100 6.73492
94200 6.73503
94300 6.73512
94400 6.73519
94500 6.73525
94600 6.73534
94700 6.73545
94800 6.7356
94900 6.73575
95000 6.73588
95100 6.73602
95200 6.73616
95300 6.73629
95400 6.73643
95500 6.73653
95600 6.7366
95700 6.73666
95800 6.73671
95900 6.73675
96000 6.73678
96100 6.73681
96200 6.73683
96300 6.73684
96400 6.73687
96500 6.73689
96600 6.73692
96700 6.73696
96800 6.73702
96900 6.7371
97000 6.73717
97100 6.73724
97200 6.73731
97300 6.73739
97400 6.73747
97500 6.73752
97600 6.73757
97700 6.73762
97800 6.73765
97900 6.73765
98000 6.73763
98100 6.7376
98200 6.73755
98300 6.73752
98400 6.7375
98500 6.73752
98600 6.73752
98700 6.73749
98800 6.73746
98900 6.73744
99000 6.7374
99100 6.73737
99200 6.73735
99300 6.73733
99400 6.73729
99500 6.73725
99600 6.73722
99700 6.73721
99800 6.73722
99900 6.73723
100000 6.73725
100100 6.73729
100200 6.7373
100300 6.73732
100400 6.73736
100500 6.7374
100600 6.73741
100700 6.73738
100800 6.73734
100900 6.73728
101000 6.73723
101100 6.73713
101200 6.73704
101300 6.73695
101400 6.73686
101500 6.73674
101600 6.73663
101700 6.73653
101800 6.73645
101900 6.73637
102000 6.73629
102100 6.73621
102200 6.73613
102300 6.73603
102400 6.73596
102500 6.73589
102600 6.73583
102700 6.73577
102800 6.73574
102900 6.73569
103000 6.73564
103100 6.73558
103200 6.73551
103300 6.73543
103400 6.73537
103500 6.73531
103600 6.73525
103700 6.73523
103800 6.73523
103900 6.73523
104000 6.73523
104100 6.73525
104200 6.7353
104300 6.73537
104400 6.73546
104500 6.73557
104600 6.7357
104700 6.73585
104800 6.736
104900 6.73615
105000 6.73628
105100 6.73642
105200 6.73658
105300 6.73677
105400 6.73697
105500 6.73718
105600 6.73739
105700 6.73761
105800 6.73783
105900 6.73803
106000 6.73821
106100 6.73837
106200 6.73852
106300 6.73868
106400 6.73888
106500 6.73908
106600 6.73925
106700 6.73944
106800 6.73963
106900 6.73979
107000 6.73998
107100 6.74016
107200 6.74034
107300 6.74049
107400 6.74063
107500 6.74076
107600 6.74088
107700 6.74102
107800 6.74113
107900 6.74122
108000 6.7413
108100 6.7414
108200 6.74149
108300 6.74158
108400 6.74167
108500 6.74176
108600 6.74184
108700 6.7419
108800 6.74194
108900 6.74197
109000 6.742
109100 6.74202
109200 6.74202
109300 6.74202
109400 6.74203
109500 6.74205
109600 6.74206
109700 6.74207
109800 6.7421
109900 6.74211
110000 6.74212
110100 6.74212
110200 6.74212
110300 6.74209
110400 6.74205
110500 6.74203
110600 6.74205
110700 6.74206
110800 6.74208
110900 6.74211
111000 6.74212
111100 6.74213
111200 6.74218
111300 6.74223
111400 6.7423
111500 6.74235
111600 6.74244
111700 6.7425
111800 6.7425
111900 6.74247
112000 6.74247
112100 6.74249
112200 6.74253
112300 6.74258
112400 6.74266
112500 6.74275
112600 6.74287
112700 6.743
112800 6.74312
112900 6.74326
113000 6.74339
113100 6.74349
113200 6.74355
113300 6.74362
113400 6.7437
113500 6.74379
113600 6.74388
113700 6.74397
113800 6.74408
113900 6.74418
114000 6.74428
114100 6.74436
114200 6.74442
114300 6.74445
114400 6.7445
114500 6.74457
114600 6.74465
114700 6.74472
114800 6.74478
114900 6.74485
115000 6.7449
115100 6.74494
115200 6.74496
115300 6.74499
115400 6.74501
115500 6.74507
115600 6.74513
115700 6.74519
115800 6.74526
115900 6.74533
116000 6.74539
116100 6.74546
116200 6.74555
116300 6.74563
116400 6.7457
116500 6.74575
116600 6.74579
116700 6.74584
116800 6.74587
116900 6.7459
117000 6.7459
117100 6.7459
117200 6.7459
117300 6.74593
117400 6.74594
117500 6.74595
117600 6.74596
117700 6.74598
117800 6.74597
117900 6.74591
118000 6.74585
118100 6.74578
118200 6.7457
118300 6.74562
118400 6.74553
118500 6.74543
118600 6.74534
118700 6.74525
118800 6.74515
118900 6.74506
119000 6.74498
119100 6.7449
119200 6.74483
119300 6.74477
119400 6.74474
119500 6.74473
119600 6.74468
119700 6.74464
119800 6.74461
119900 6.7446
120000 6.74461
120100 6.74462
120200 6.74466
120300 6.74469
120400 6.74474
120500 6.74481
120600 6.74491
120700 6.745
120800 6.74509
120900 6.74518
121000 6.74523
121100 6.74526
121200 6.74527
121300 6.74528
121400 6.74527
121500 6.74527
121600 6.74532
121700 6.74536
121800 6.74539
121900 6.7454
122000 6.74542
122100 6.74543
122200 6.74543
122300 6.74539
122400 6.74535
122500 6.74534
122600 6.74535
122700 6.74537
122800 6.74539
122900 6.74539
123000 6.74537
123100 6.74536
123200 6.74536
123300 6.74536
123400 6.74536
123500 6.74539
123600 6.7454
123700 6.7454
123800 6.74542
123900 6.74543
124000 6.74544
124100 6.74544
124200 6.74544
124300 6.74542
124400 6.74539
124500 6.74536
124600 6.74533
124700 6.74527
124800 6.74521
124900 6.74517
125000 6.74515
125100 6.74516
125200 6.74514
125300 6.7451
125400 6.74508
125500 6.74509
125600 6.74506
125700 6.74502
125800 6.74498
125900 6.74496
126000 6.74492
126100 6.74488
126200 6.74486
126300 6.74483
126400 6.74479
126500 6.74478
126600 6.7448
126700 6.74485
126800 6.74492
126900 6.74501
127000 6.74512
127100 6.74522
127200 6.74535
127300 6.74545
127400 6.74555
127500 6.74564
127600 6.74577
127700 6.74592
127800 6.74611
127900 6.7463
128000 6.74646
128100 6.74661
128200 6.74677
128300 6.74691
128400 6.74707
128500 6.74722
128600 6.74734
128700 6.74746
128800 6.74755
128900 6.74766
129000 6.74778
129100 6.74788
129200 6.74794
129300 6.748
129400 6.74806
129500 6.74809
129600 6.74813
129700 6.74815
129800 6.74815
129900 6.74816
130000 6.7482
130100 6.74825
130200 6.74829
130300 6.74835
130400 6.74841
130500 6.74843
130600 6.74844
130700 6.74847
130800 6.74853
130900 6.7486
131000 6.74865
131100 6.74868
131200 6.74869
131300 6.74873
131400 6.7488
131500 6.74891
131600 6.74904
131700 6.74917
131800 6.74929
131900 6.74942
132000 6.74954
132100 6.74965
132200 6.74974
132300 6.74984
132400 6.74992
132500 6.75
132600 6.75007
132700 6.75015
132800 6.75023
132900 6.75032
133000 6.7504
133100 6.7505
133200 6.75059
133300 6.75069
133400 6.75079
133500 6.75087
133600 6.75097
133700 6.7511
133800 6.75124
133900 6.7514
134000 6.75154
134100 6.75167
134200 6.75179
134300 6.7519
134400 6.75203
134500 6.75216
134600 6.75229
134700 6.75243
134800 6.75259
134900 6.75275
135000 6.75294
135100 6.75312
135200 6.75331
135300 6.75352
135400 6.75372
135500 6.75392
135600 6.75413
135700 6.75434
135800 6.75455
135900 6.75475
136000 6.75497
136100 6.75521
136200 6.75544
136300 6.75567
136400 6.75591
136500 6.75612
136600 6.75632
136700 6.75652
136800 6.75672
136900 6.75695
137000 6.75718
137100 6.7574
137200 6.75762
137300 6.75783
137400 6.75805
137500 6.75827
137600 6.75852
137700 6.75878
137800 6.75905
137900 6.75932
138000 6.75962
138100 6.75992
138200 6.76023
138300 6.76055
138400 6.76086
138500 6.76117
138600 6.76146
138700 6.76175
138800 6.76204
138900 6.76231
139000 6.7626
139100 6.76287
139200 6.76316
139300 6.76346
139400 6.76375
139500 6.76405
139600 6.76433
139700 6.76466
139800 6.76501
139900 6.76535
140000 6.7657
140100 6.76603
140200 6.76635
140300 6.76665
140400 6.76692
140500 6.76719
140600 6.76748
140700 6.76777
140800 6.76803
140900 6.76828
141000 6.76856
141100 6.76885
141200 6.76914
141300 6.76943
141400 6.76971
141500 6.77
141600 6.77029
141700 6.77059
141800 6.7709
141900 6.77122
142000 6.77154
142100 6.77189
142200 6.77221
142300 6.77253
142400 6.77286
142500 6.77317
142600 6.77346
142700 6.77375
142800 6.77407
142900 6.77438
143000 6.77469
143100 6.77501
143200 6.77533
143300 6.77564
143400 6.77592
143500 6.7762
143600 6.77649
143700 6.77677
143800 6.77705
143900 6.77731
144000 6.77755
144100 6.77777
144200 6.77798
144300 6.77819
144400 6.77843
144500 6.77867
144600 6.77892
144700 6.77917
144800 6.77939
144900 6.77961
145000 6.77985
145100 6.78008
145200 6.78032
145300 6.78059
145400 6.78086
145500 6.78111
145600 6.78138
145700 6.78166
145800 6.78193
145900 6.78223
146000 6.78254
146100 6.78286
146200 6.78312
146300 6.78335
146400 6.78358
146500 6.78381
146600 6.78403
146700 6.78427
146800 6.78453
146900 6.78479
147000 6.78503
147100 6.78528
147200 6.78554
147300 6.7858
147400 6.78606
147500 6.78633
147600 6.7866
147700 6.78685
147800 6.7871
147900 6.78734
148000 6.78758
148100 6.7878
148200 6.78799
148300 6.78814
148400 6.78828
148500 6.78844
148600 6.78855
148700 6.78866
148800 6.7888
148900 6.78893
149000 6.78906
149100 6.78919
149200 6.78933
149300 6.78947
149400 6.78965
149500 6.78985
149600 6.79007
149700 6.7903
149800 6.79055
149900 6.79081
150000 6.79109
150100 6.79136
150200 6.79164
150300 6.79192
150400 6.79217
150500 6.79238
150600 6.79261
150700 6.79284
150800 6.79308
150900 6.79332
151000 6.79353
151100 6.79374
151200 6.79397
151300 6.7942
151400 6.79443
151500 6.79467
151600 6.79491
151700 6.79514
151800 6.79537
151900 6.7956
152000 6.79585
152100 6.79609
152200 6.79635
152300 6.79657
152400 6.79678
152500 6.79699
152600 6.7972
152700 6.79737
152800 6.79753
152900 6.79769
153000 6.79782
153100 6.79793
153200 6.79808
153300 6.79821
153400 6.79834
153500 6.79848
153600 6.79862
153700 6.79877
153800 6.79894
153900 6.79913
154000 6.79933
154100 6.79949
154200 6.79963
154300 6.79977
154400 6.79992
154500 6.80007
154600 6.80024
154700 6.80044
154800 6.80064
154900 6.80083
155000 6.80104
155100 6.80126
155200 6.80149
155300 6.8017
155400 6.80193
155500 6.80216
155600 6.80242
155700 6.80269
155800 6.80296
155900 6.80322
156000 6.80346
156100 6.8037
156200 6.80394
156300 6.80417
156400 6.8044
156500 6.80461
156600 6.80481
156700 6.80503
156800 6.80525
156900 6.80546
157000 6.80568
157100 6.80591
157200 6.80614
157300 6.80637
157400 6.80662
157500 6.80686
157600 6.8071
157700 6.80733
157800 6.80761
157900 6.80788
158000 6.80813
158100 6.80838
158200 6.80864
158300 6.80893
158400 6.80922
158500 6.80949
158600 6.80974
158700 6.81
158800 6.81026
158900 6.8105
159000 6.81075
159100 6.81097
159200 6.81116
159300 6.81137
159400 6.81157
159500 6.81179
159600 6.81203
159700 6.81228
159800 6.81253
159900 6.81277
160000 6.813
160100 6.81324
160200 6.81347
160300 6.81372
160400 6.814
160500 6.81428
160600 6.81454
160700 6.81481
160800 6.81506
160900 6.81528
161000 6.8155
161100 6.81571
161200 6.81592
161300 6.81612
161400 6.81631
161500 6.81649
161600 6.81665
161700 6.81679
161800 6.8169
161900 6.81702
162000 6.81716
162100 6.81731
162200 6.81746
162300 6.8176
162400 6.81772
162500 6.81784
162600 6.81792
162700 6.81801
162800 6.81807
162900 6.8181
163000 6.81812
163100 6.81815
163200 6.81816
163300 6.81814
163400 6.81814
163500 6.81814
163600 6.81812
163700 6.81809
163800 6.81805
163900 6.81802
164000 6.81799
164100 6.81799
164200 6.81799
164300 6.81799
164400 6.81801
164500 6.81807
164600 6.81814
164700 6.81821
164800 6.81827
164900 6.81837
165000 6.81847
165100 6.81855
165200 6.8186
165300 6.81868
165400 6.81876
165500 6.81884
165600 6.81891
165700 6.81897
165800 6.81903
165900 6.81906
166000 6.81908
166100 6.8191
166200 6.81912
166300 6.81916
166400 6.81921
166500 6.81926
166600 6.81933
166700 6.81939
166800 6.81944
166900 6.81949
167000 6.81955
167100 6.81962
167200 6.8197
167300 6.81978
167400 6.81986
167500 6.81995
167600 6.82004
167700 6.82014
167800 6.82023
167900 6.82034
168000 6.82046
168100 6.82059
168200 6.82071
168300 6.82081
168400 6.82091
168500 6.82101
168600 6.82111
168700 6.8212
168800 6.82127
168900 6.82137
169000 6.82147
169100 6.82157
169200 6.82166
169300 6.82174
169400 6.82182
169500 6.82195
169600 6.82207
169700 6.82222
169800 6.8224
169900 6.8226
170000 6.82281
170100 6.82299
170200 6.82316
170300 6.8233
170400 6.82344
170500 6.82357
170600 6.82369
170700 6.8238
170800 6.82393
170900 6.82408
171000 6.82423
171100 6.82436
171200 6.82448
171300 6.82458
171400 6.82464
171500 6.82472
171600 6.8248
171700 6.8249
171800 6.82497
171900 6.82501
172000 6.82504
172100 6.82506
172200 6.82507
172300 6.8251
172400 6.82517
172500 6.82525
172600 6.82533
172700 6.8254
172800 6.82548
172900 6.82555
173000 6.82563
173100 6.8257
173200 6.82576
173300 6.82585
173400 6.82595
173500 6.82606
173600 6.82618
173700 6.82634
173800 6.82648
173900 6.82663
174000 6.82679
174100 6.82694
174200 6.82706
174300 6.8272
174400 6.82734
174500 6.82746
174600 6.82759
174700 6.82771
174800 6.82783
174900 6.82795
175000 6.82809
175100 6.82823
175200 6.82836
175300 6.82851
175400 6.82865
175500 6.82878
175600 6.82891
175700 6.82906
175800 6.82917
175900 6.82928
176000 6.82934
176100 6.82943
176200 6.82953
176300 6.82961
176400 6.82967
176500 6.82973
176600 6.82983
176700 6.82991
176800 6.82997
176900 6.83001
177000 6.83003
177100 6.83006
177200 6.83011
177300 6.83016
177400 6.83022
177500 6.8303
177600 6.83036
177700 6.83043
177800 6.8305
177900 6.83058
178000 6.83065
178100 6.83073
178200 6.83078
178300 6.83082
178400 6.83089
178500 6.831
178600 6.83111
178700 6.83121
178800 6.83131
178900 6.83136
179000 6.83141
179100 6.83143
179200 6.83148
179300 6.83154
179400 6.83163
179500 6.83172
179600 6.83182
179700 6.83189
179800 6.83198
179900 6.83207
180000 6.83217
180100 6.83227
180200 6.83236
180300 6.83243
180400 6.83249
180500 6.83255
180600 6.83259
180700 6.83262
180800 6.83268
180900 6.83276
181000 6.83282
181100 6.83288
181200 6.83295
181300 6.83303
181400 6.83307
181500 6.83308
181600 6.8331
181700 6.83311
181800 6.83313
181900 6.8331
182000 6.83304
182100 6.83297
182200 6.83289
182300 6.83281
182400 6.83273
182500 6.83266
182600 6.8326
182700 6.83257
182800 6.83253
182900 6.83248
183000 6.83244
183100 6.8324
183200 6.83236
183300 6.83232
183400 6.83231
183500 6.8323
183600 6.83231
183700 6.83235
183800 6.83239
183900 6.83244
184000 6.83248
184100 6.83253
184200 6.83259
184300 6.83264
184400 6.83269
184500 6.83274
184600 6.83281
184700 6.83291
184800 6.83304
184900 6.83315
185000 6.83327
185100 6.8334
185200 6.83355
185300 6.83369
185400 6.83381
185500 6.8339
185600 6.834
185700 6.83411
185800 6.83422
185900 6.83433
186000 6.83441
186100 6.83448
186200 6.83455
186300 6.83459
186400 6.83462
186500 6.83467
186600 6.83473
186700 6.8348
186800 6.83484
186900 6.83487
187000 6.83489
187100 6.83493
187200 6.83499
187300 6.83505
187400 6.83507
187500 6.83511
187600 6.83514
187700 6.83516
187800 6.83516
187900 6.83517
188000 6.8352
188100 6.83524
188200 6.83525
188300 6.83524
188400 6.83523
188500 6.83526
188600 6.83528
188700 6.83531
188800 6.83536
188900 6.83541
189000 6.8355
189100 6.83557
189200 6.83562
189300 6.83564
189400 6.83566
189500 6.83572
189600 6.83583
189700 6.83599
189800 6.83611
189900 6.83625
190000 6.83635
190100 6.83647
190200 6.83658
190300 6.83668
190400 6.8368
190500 6.83689
190600 6.83699
190700 6.83713
190800 6.83728
190900 6.83743
191000 6.83759
191100 6.83773
191200 6.83787
191300 6.83801
191400 6.83816
191500 6.8383
191600 6.8385
191700 6.8387
191800 6.83889
191900 6.83911
192000 6.83933
192100 6.83956
192200 6.83979
192300 6.84004
192400 6.8403
192500 6.84052
192600 6.84072
192700 6.84092
192800 6.84109
192900 6.84124
193000 6.84138
193100 6.8415
193200 6.84161
193300 6.84173
193400 6.84183
193500 6.84189
193600 6.84196
193700 6.84204
193800 6.84212
193900 6.84222
194000 6.84234
194100 6.8425
194200 6.8427
194300 6.84291
194400 6.8431
194500 6.84328
194600 6.84345
194700 6.84361
194800 6.84377
194900 6.84392
195000 6.8441
195100 6.84429
195200 6.84446
195300 6.84462
195400 6.84478
195500 6.84492
195600 6.84502
195700 6.84511
195800 6.84523
195900 6.84535
196000 6.84545
196100 6.84555
196200 6.84566
196300 6.84578
196400 6.84591
196500 6.84606
196600 6.84622
196700 6.84638
196800 6.84654
196900 6.84671
197000 6.84686
197100 6.847
197200 6.84713
197300 6.84727
197400 6.84743
197500 6.84759
197600 6.84776
197700 6.84795
197800 6.84816
197900 6.84838
198000 6.84855
198100 6.8487
198200 6.84884
198300 6.84899
198400 6.84913
198500 6.84925
198600 6.84938
198700 6.84949
198800 6.84959
198900 6.84969
199000 6.84981
199100 6.84996
199200 6.85012
199300 6.85028
199400 6.85046
199500 6.85064
199600 6.85079
199700 6.85092
199800 6.85108
199900 6.85122
200000 6.8514
200100 6.85159
